Number of rounds 1
T1
客户端数：10	时间：0.0432124137878418	客户端：[49, 9, 4, 31, 38, 36, 52, 61, 58, 20]
客户端数：20	时间：0.04623866081237793	客户端：[49, 9, 4, 31, 38, 36, 52, 61, 58, 20, 50, 8, 26, 17, 11, 33, 62, 43, 55, 59]
客户端数：30	时间：0.0482335090637207	客户端：[49, 9, 4, 31, 38, 36, 52, 61, 58, 20, 50, 8, 26, 17, 11, 33, 62, 43, 55, 59, 7, 12, 13, 56, 10, 64, 16, 21, 40, 25]
客户端数：40	时间：0.052202701568603516	客户端：[49, 9, 4, 31, 38, 36, 52, 61, 58, 20, 50, 8, 26, 17, 11, 33, 62, 43, 55, 59, 7, 12, 13, 56, 10, 64, 16, 21, 40, 25, 19, 22, 6, 14, 34, 42, 47, 35, 57, 15]
客户端数：50	时间：0.054198265075683594	客户端：[49, 9, 4, 31, 38, 36, 52, 61, 58, 20, 50, 8, 26, 17, 11, 33, 62, 43, 55, 59, 7, 12, 13, 56, 10, 64, 16, 21, 40, 25, 19, 22, 6, 14, 34, 42, 47, 35, 57, 15, 28, 32, 18, 5, 39, 60, 44, 51, 46, 48]
客户端数：60	时间：0.06029868125915527	客户端：[49, 9, 4, 31, 38, 36, 52, 61, 58, 20, 50, 8, 26, 17, 11, 33, 62, 43, 55, 59, 7, 12, 13, 56, 10, 64, 16, 21, 40, 25, 19, 22, 6, 14, 34, 42, 47, 35, 57, 15, 28, 32, 18, 5, 39, 60, 44, 51, 46, 48, 3, 41, 29, 37, 63, 2, 27, 1, 24, 23]
T2
客户端数：10	时间：0.0010139942169189453	客户端：[8, 3, 1, 6, 36, 31, 14, 64, 51, 24]
客户端数：20	时间：0.00710606575012207	客户端：[8, 3, 1, 6, 36, 31, 14, 64, 51, 24, 26, 9, 27, 2, 43, 21, 42, 44, 37, 46]
客户端数：30	时间：0.012134075164794922	客户端：[8, 3, 1, 6, 36, 31, 14, 64, 51, 24, 26, 9, 27, 2, 43, 21, 42, 44, 37, 46, 25, 57, 23, 11, 40, 50, 18, 35, 28, 60]
客户端数：40	时间：0.014129638671875	客户端：[8, 3, 1, 6, 36, 31, 14, 64, 51, 24, 26, 9, 27, 2, 43, 21, 42, 44, 37, 46, 25, 57, 23, 11, 40, 50, 18, 35, 28, 60, 4, 12, 52, 61, 62, 16, 32, 34, 48, 39]
客户端数：50	时间：0.020119905471801758	客户端：[8, 3, 1, 6, 36, 31, 14, 64, 51, 24, 26, 9, 27, 2, 43, 21, 42, 44, 37, 46, 25, 57, 23, 11, 40, 50, 18, 35, 28, 60, 4, 12, 52, 61, 62, 16, 32, 34, 48, 39, 15, 20, 56, 47, 38, 58, 22, 13, 33, 49]
客户端数：60	时间：0.023087024688720703	客户端：[8, 3, 1, 6, 36, 31, 14, 64, 51, 24, 26, 9, 27, 2, 43, 21, 42, 44, 37, 46, 25, 57, 23, 11, 40, 50, 18, 35, 28, 60, 4, 12, 52, 61, 62, 16, 32, 34, 48, 39, 15, 20, 56, 47, 38, 58, 22, 13, 33, 49, 5, 63, 17, 10, 55, 41, 19, 7, 29, 59]
T3
客户端数：10	时间：15.386260509490967	客户端：[8, 3, 1, 6, 36, 31, 14, 64, 51, 24]
客户端数：20	时间：56.753897190093994	客户端：[8, 3, 1, 6, 36, 31, 14, 64, 51, 24, 26, 9, 27, 2, 43, 21, 42, 44, 37, 46]
客户端数：30	时间：125.69751071929932	客户端：[8, 3, 1, 6, 36, 31, 14, 64, 51, 24, 26, 9, 27, 2, 43, 21, 42, 44, 37, 46, 25, 57, 23, 11, 40, 50, 18, 35, 28, 60]
客户端数：40	时间：224.30546474456787	客户端：[8, 3, 1, 6, 36, 31, 14, 64, 51, 24, 26, 9, 27, 2, 43, 21, 42, 44, 37, 46, 25, 57, 23, 11, 40, 50, 18, 35, 28, 60, 4, 12, 52, 61, 62, 16, 32, 34, 48, 39]
客户端数：50	时间：349.9595239162445	客户端：[8, 3, 1, 6, 36, 31, 14, 64, 51, 24, 26, 9, 27, 2, 43, 21, 42, 44, 37, 46, 25, 57, 23, 11, 40, 50, 18, 35, 28, 60, 4, 12, 52, 61, 62, 16, 32, 34, 48, 39, 15, 20, 56, 47, 38, 58, 22, 13, 33, 49]
客户端数：60	时间：502.3043146133423	客户端：[8, 3, 1, 6, 36, 31, 14, 64, 51, 24, 26, 9, 27, 2, 43, 21, 42, 44, 37, 46, 25, 57, 23, 11, 40, 50, 18, 35, 28, 60, 4, 12, 52, 61, 62, 16, 32, 34, 48, 39, 15, 20, 56, 47, 38, 58, 22, 13, 33, 49, 5, 63, 17, 10, 55, 41, 19, 7, 29, 59]
BYTE
客户端数：10	字节数：3200000	客户端：[49, 9, 4, 31, 38, 36, 52, 61, 58, 20]
客户端数：20	字节数：6400000	客户端：[49, 9, 4, 31, 38, 36, 52, 61, 58, 20, 50, 8, 26, 17, 11, 33, 62, 43, 55, 59]
客户端数：30	字节数：9600000	客户端：[49, 9, 4, 31, 38, 36, 52, 61, 58, 20, 50, 8, 26, 17, 11, 33, 62, 43, 55, 59, 7, 12, 13, 56, 10, 64, 16, 21, 40, 25]
客户端数：40	字节数：12800000	客户端：[49, 9, 4, 31, 38, 36, 52, 61, 58, 20, 50, 8, 26, 17, 11, 33, 62, 43, 55, 59, 7, 12, 13, 56, 10, 64, 16, 21, 40, 25, 19, 22, 6, 14, 34, 42, 47, 35, 57, 15]
客户端数：50	字节数：16000000	客户端：[49, 9, 4, 31, 38, 36, 52, 61, 58, 20, 50, 8, 26, 17, 11, 33, 62, 43, 55, 59, 7, 12, 13, 56, 10, 64, 16, 21, 40, 25, 19, 22, 6, 14, 34, 42, 47, 35, 57, 15, 28, 32, 18, 5, 39, 60, 44, 51, 46, 48]
客户端数：60	字节数：19200000	客户端：[49, 9, 4, 31, 38, 36, 52, 61, 58, 20, 50, 8, 26, 17, 11, 33, 62, 43, 55, 59, 7, 12, 13, 56, 10, 64, 16, 21, 40, 25, 19, 22, 6, 14, 34, 42, 47, 35, 57, 15, 28, 32, 18, 5, 39, 60, 44, 51, 46, 48, 3, 41, 29, 37, 63, 2, 27, 1, 24, 23]
PRO_LEN：320000
score：0.6065396825396825
loss rate：0.3934603174603175
finished iteration：2023-01-01 00:00:26.974007

Number of rounds 2
T1
客户端数：10	时间：0.001993894577026367	客户端：[3, 9, 27, 36, 8, 43, 64, 24, 50, 1]
客户端数：20	时间：0.003999948501586914	客户端：[3, 9, 27, 36, 8, 43, 64, 24, 50, 1, 4, 11, 52, 23, 61, 2, 35, 31, 12, 48]
客户端数：30	时间：0.00599360466003418	客户端：[3, 9, 27, 36, 8, 43, 64, 24, 50, 1, 4, 11, 52, 23, 61, 2, 35, 31, 12, 48, 51, 37, 16, 25, 44, 20, 39, 62, 56, 38]
客户端数：40	时间：0.008985757827758789	客户端：[3, 9, 27, 36, 8, 43, 64, 24, 50, 1, 4, 11, 52, 23, 61, 2, 35, 31, 12, 48, 51, 37, 16, 25, 44, 20, 39, 62, 56, 38, 42, 58, 60, 15, 34, 28, 18, 40, 47, 33]
客户端数：50	时间：0.009983062744140625	客户端：[3, 9, 27, 36, 8, 43, 64, 24, 50, 1, 4, 11, 52, 23, 61, 2, 35, 31, 12, 48, 51, 37, 16, 25, 44, 20, 39, 62, 56, 38, 42, 58, 60, 15, 34, 28, 18, 40, 47, 33, 63, 5, 13, 10, 49, 22, 55, 41, 32, 19]
客户端数：59	时间：0.012964248657226562	客户端：[3, 9, 27, 36, 8, 43, 64, 24, 50, 1, 4, 11, 52, 23, 61, 2, 35, 31, 12, 48, 51, 37, 16, 25, 44, 20, 39, 62, 56, 38, 42, 58, 60, 15, 34, 28, 18, 40, 47, 33, 63, 5, 13, 10, 49, 22, 55, 41, 32, 19, 17, 7, 21, 26, 6, 29, 57, 14, 59]
T2
客户端数：10	时间：0.0019943714141845703	客户端：[8, 21, 6, 25, 1, 10, 36, 61, 51, 64]
客户端数：20	时间：0.0039899349212646484	客户端：[8, 21, 6, 25, 1, 10, 36, 61, 51, 64, 14, 24, 27, 44, 49, 63, 41, 39, 23, 50]
客户端数：30	时间：0.010015249252319336	客户端：[8, 21, 6, 25, 1, 10, 36, 61, 51, 64, 14, 24, 27, 44, 49, 63, 41, 39, 23, 50, 60, 48, 29, 9, 47, 52, 16, 35, 37, 58]
客户端数：40	时间：0.012049436569213867	客户端：[8, 21, 6, 25, 1, 10, 36, 61, 51, 64, 14, 24, 27, 44, 49, 63, 41, 39, 23, 50, 60, 48, 29, 9, 47, 52, 16, 35, 37, 58, 15, 13, 26, 59, 4, 57, 42, 33, 43, 3]
客户端数：50	时间：0.013072729110717773	客户端：[8, 21, 6, 25, 1, 10, 36, 61, 51, 64, 14, 24, 27, 44, 49, 63, 41, 39, 23, 50, 60, 48, 29, 9, 47, 52, 16, 35, 37, 58, 15, 13, 26, 59, 4, 57, 42, 33, 43, 3, 28, 40, 5, 32, 20, 17, 56, 31, 19, 7]
客户端数：59	时间：0.01407003402709961	客户端：[8, 21, 6, 25, 1, 10, 36, 61, 51, 64, 14, 24, 27, 44, 49, 63, 41, 39, 23, 50, 60, 48, 29, 9, 47, 52, 16, 35, 37, 58, 15, 13, 26, 59, 4, 57, 42, 33, 43, 3, 28, 40, 5, 32, 20, 17, 56, 31, 19, 7, 38, 34, 2, 22, 55, 62, 12, 18, 11]
T3
客户端数：10	时间：13.33168649673462	客户端：[8, 21, 6, 25, 1, 10, 36, 61, 51, 64]
客户端数：20	时间：53.12992858886719	客户端：[8, 21, 6, 25, 1, 10, 36, 61, 51, 64, 14, 24, 27, 44, 49, 63, 41, 39, 23, 50]
客户端数：30	时间：119.71924376487732	客户端：[8, 21, 6, 25, 1, 10, 36, 61, 51, 64, 14, 24, 27, 44, 49, 63, 41, 39, 23, 50, 60, 48, 29, 9, 47, 52, 16, 35, 37, 58]
客户端数：40	时间：213.23244619369507	客户端：[8, 21, 6, 25, 1, 10, 36, 61, 51, 64, 14, 24, 27, 44, 49, 63, 41, 39, 23, 50, 60, 48, 29, 9, 47, 52, 16, 35, 37, 58, 15, 13, 26, 59, 4, 57, 42, 33, 43, 3]
客户端数：50	时间：333.6218717098236	客户端：[8, 21, 6, 25, 1, 10, 36, 61, 51, 64, 14, 24, 27, 44, 49, 63, 41, 39, 23, 50, 60, 48, 29, 9, 47, 52, 16, 35, 37, 58, 15, 13, 26, 59, 4, 57, 42, 33, 43, 3, 28, 40, 5, 32, 20, 17, 56, 31, 19, 7]
客户端数：59	时间：465.1599118709564	客户端：[8, 21, 6, 25, 1, 10, 36, 61, 51, 64, 14, 24, 27, 44, 49, 63, 41, 39, 23, 50, 60, 48, 29, 9, 47, 52, 16, 35, 37, 58, 15, 13, 26, 59, 4, 57, 42, 33, 43, 3, 28, 40, 5, 32, 20, 17, 56, 31, 19, 7, 38, 34, 2, 22, 55, 62, 12, 18, 11]
BYTE
客户端数：10	字节数：3200000	客户端：[3, 9, 27, 36, 8, 43, 64, 24, 50, 1]
客户端数：20	字节数：6400000	客户端：[3, 9, 27, 36, 8, 43, 64, 24, 50, 1, 4, 11, 52, 23, 61, 2, 35, 31, 12, 48]
客户端数：30	字节数：9600000	客户端：[3, 9, 27, 36, 8, 43, 64, 24, 50, 1, 4, 11, 52, 23, 61, 2, 35, 31, 12, 48, 51, 37, 16, 25, 44, 20, 39, 62, 56, 38]
客户端数：40	字节数：12800000	客户端：[3, 9, 27, 36, 8, 43, 64, 24, 50, 1, 4, 11, 52, 23, 61, 2, 35, 31, 12, 48, 51, 37, 16, 25, 44, 20, 39, 62, 56, 38, 42, 58, 60, 15, 34, 28, 18, 40, 47, 33]
客户端数：50	字节数：16000000	客户端：[3, 9, 27, 36, 8, 43, 64, 24, 50, 1, 4, 11, 52, 23, 61, 2, 35, 31, 12, 48, 51, 37, 16, 25, 44, 20, 39, 62, 56, 38, 42, 58, 60, 15, 34, 28, 18, 40, 47, 33, 63, 5, 13, 10, 49, 22, 55, 41, 32, 19]
客户端数：59	字节数：18880000	客户端：[3, 9, 27, 36, 8, 43, 64, 24, 50, 1, 4, 11, 52, 23, 61, 2, 35, 31, 12, 48, 51, 37, 16, 25, 44, 20, 39, 62, 56, 38, 42, 58, 60, 15, 34, 28, 18, 40, 47, 33, 63, 5, 13, 10, 49, 22, 55, 41, 32, 19, 17, 7, 21, 26, 6, 29, 57, 14, 59]
PRO_LEN：320000
score：0.9540952380952381
loss rate：0.04590476190476189
finished iteration：2023-01-01 00:00:54.711297

Number of rounds 3
T1
客户端数：10	时间：0.0010020732879638672	客户端：[36, 27, 63, 49, 1, 24, 50, 23, 44, 6]
客户端数：20	时间：0.004988431930541992	客户端：[36, 27, 63, 49, 1, 24, 50, 23, 44, 6, 52, 25, 39, 48, 61, 58, 4, 21, 60, 35]
客户端数：30	时间：0.006982088088989258	客户端：[36, 27, 63, 49, 1, 24, 50, 23, 44, 6, 52, 25, 39, 48, 61, 58, 4, 21, 60, 35, 10, 51, 41, 59, 64, 26, 16, 33, 37, 47]
客户端数：40	时间：0.009977579116821289	客户端：[36, 27, 63, 49, 1, 24, 50, 23, 44, 6, 52, 25, 39, 48, 61, 58, 4, 21, 60, 35, 10, 51, 41, 59, 64, 26, 16, 33, 37, 47, 57, 3, 42, 40, 28, 13, 15, 8, 32, 20]
客户端数：50	时间：0.011968612670898438	客户端：[36, 27, 63, 49, 1, 24, 50, 23, 44, 6, 52, 25, 39, 48, 61, 58, 4, 21, 60, 35, 10, 51, 41, 59, 64, 26, 16, 33, 37, 47, 57, 3, 42, 40, 28, 13, 15, 8, 32, 20, 17, 56, 9, 31, 43, 38, 29, 34, 19, 2]
客户端数：58	时间：0.013962745666503906	客户端：[36, 27, 63, 49, 1, 24, 50, 23, 44, 6, 52, 25, 39, 48, 61, 58, 4, 21, 60, 35, 10, 51, 41, 59, 64, 26, 16, 33, 37, 47, 57, 3, 42, 40, 28, 13, 15, 8, 32, 20, 17, 56, 9, 31, 43, 38, 29, 34, 19, 2, 14, 22, 55, 62, 7, 12, 18, 11]
T2
客户端数：10	时间：0.0069425106048583984	客户端：[61, 21, 14, 1, 31, 64, 27, 55, 43, 17]
客户端数：20	时间：0.009951353073120117	客户端：[61, 21, 14, 1, 31, 64, 27, 55, 43, 17, 24, 51, 57, 36, 41, 50, 39, 47, 42, 35]
客户端数：30	时间：0.013940095901489258	客户端：[61, 21, 14, 1, 31, 64, 27, 55, 43, 17, 24, 51, 57, 36, 41, 50, 39, 47, 42, 35, 29, 48, 52, 18, 4, 63, 13, 38, 22, 16]
客户端数：40	时间：0.017045974731445312	客户端：[61, 21, 14, 1, 31, 64, 27, 55, 43, 17, 24, 51, 57, 36, 41, 50, 39, 47, 42, 35, 29, 48, 52, 18, 4, 63, 13, 38, 22, 16, 10, 26, 34, 40, 56, 7, 25, 2, 59, 12]
客户端数：50	时间：0.020008563995361328	客户端：[61, 21, 14, 1, 31, 64, 27, 55, 43, 17, 24, 51, 57, 36, 41, 50, 39, 47, 42, 35, 29, 48, 52, 18, 4, 63, 13, 38, 22, 16, 10, 26, 34, 40, 56, 7, 25, 2, 59, 12, 19, 11, 15, 20, 8, 3, 37, 49, 58, 60]
客户端数：58	时间：0.024001121520996094	客户端：[61, 21, 14, 1, 31, 64, 27, 55, 43, 17, 24, 51, 57, 36, 41, 50, 39, 47, 42, 35, 29, 48, 52, 18, 4, 63, 13, 38, 22, 16, 10, 26, 34, 40, 56, 7, 25, 2, 59, 12, 19, 11, 15, 20, 8, 3, 37, 49, 58, 60, 44, 23, 32, 33, 6, 9, 62, 28]
T3
客户端数：10	时间：13.501049757003784	客户端：[61, 21, 14, 1, 31, 64, 27, 55, 43, 17]
客户端数：20	时间：53.98620533943176	客户端：[61, 21, 14, 1, 31, 64, 27, 55, 43, 17, 24, 51, 57, 36, 41, 50, 39, 47, 42, 35]
客户端数：30	时间：122.09236145019531	客户端：[61, 21, 14, 1, 31, 64, 27, 55, 43, 17, 24, 51, 57, 36, 41, 50, 39, 47, 42, 35, 29, 48, 52, 18, 4, 63, 13, 38, 22, 16]
客户端数：40	时间：217.66994667053223	客户端：[61, 21, 14, 1, 31, 64, 27, 55, 43, 17, 24, 51, 57, 36, 41, 50, 39, 47, 42, 35, 29, 48, 52, 18, 4, 63, 13, 38, 22, 16, 10, 26, 34, 40, 56, 7, 25, 2, 59, 12]
客户端数：50	时间：340.5243389606476	客户端：[61, 21, 14, 1, 31, 64, 27, 55, 43, 17, 24, 51, 57, 36, 41, 50, 39, 47, 42, 35, 29, 48, 52, 18, 4, 63, 13, 38, 22, 16, 10, 26, 34, 40, 56, 7, 25, 2, 59, 12, 19, 11, 15, 20, 8, 3, 37, 49, 58, 60]
客户端数：58	时间：458.57380080223083	客户端：[61, 21, 14, 1, 31, 64, 27, 55, 43, 17, 24, 51, 57, 36, 41, 50, 39, 47, 42, 35, 29, 48, 52, 18, 4, 63, 13, 38, 22, 16, 10, 26, 34, 40, 56, 7, 25, 2, 59, 12, 19, 11, 15, 20, 8, 3, 37, 49, 58, 60, 44, 23, 32, 33, 6, 9, 62, 28]
BYTE
客户端数：10	字节数：3200000	客户端：[36, 27, 63, 49, 1, 24, 50, 23, 44, 6]
客户端数：20	字节数：6400000	客户端：[36, 27, 63, 49, 1, 24, 50, 23, 44, 6, 52, 25, 39, 48, 61, 58, 4, 21, 60, 35]
客户端数：30	字节数：9600000	客户端：[36, 27, 63, 49, 1, 24, 50, 23, 44, 6, 52, 25, 39, 48, 61, 58, 4, 21, 60, 35, 10, 51, 41, 59, 64, 26, 16, 33, 37, 47]
客户端数：40	字节数：12800000	客户端：[36, 27, 63, 49, 1, 24, 50, 23, 44, 6, 52, 25, 39, 48, 61, 58, 4, 21, 60, 35, 10, 51, 41, 59, 64, 26, 16, 33, 37, 47, 57, 3, 42, 40, 28, 13, 15, 8, 32, 20]
客户端数：50	字节数：16000000	客户端：[36, 27, 63, 49, 1, 24, 50, 23, 44, 6, 52, 25, 39, 48, 61, 58, 4, 21, 60, 35, 10, 51, 41, 59, 64, 26, 16, 33, 37, 47, 57, 3, 42, 40, 28, 13, 15, 8, 32, 20, 17, 56, 9, 31, 43, 38, 29, 34, 19, 2]
客户端数：58	字节数：18560000	客户端：[36, 27, 63, 49, 1, 24, 50, 23, 44, 6, 52, 25, 39, 48, 61, 58, 4, 21, 60, 35, 10, 51, 41, 59, 64, 26, 16, 33, 37, 47, 57, 3, 42, 40, 28, 13, 15, 8, 32, 20, 17, 56, 9, 31, 43, 38, 29, 34, 19, 2, 14, 22, 55, 62, 7, 12, 18, 11]
PRO_LEN：320000
score：0.9634920634920635
loss rate：0.03650793650793649
finished iteration：2023-01-01 00:01:14.681644

Number of rounds 4
T1
客户端数：10	时间：0.0029931068420410156	客户端：[61, 27, 36, 50, 21, 52, 31, 63, 4, 1]
客户端数：20	时间：0.003991127014160156	客户端：[61, 27, 36, 50, 21, 52, 31, 63, 4, 1, 38, 39, 64, 17, 13, 47, 29, 24, 42, 51]
客户端数：30	时间：0.00797891616821289	客户端：[61, 27, 36, 50, 21, 52, 31, 63, 4, 1, 38, 39, 64, 17, 13, 47, 29, 24, 42, 51, 57, 18, 7, 10, 56, 19, 2, 25, 12, 55]
客户端数：40	时间：0.009974241256713867	客户端：[61, 27, 36, 50, 21, 52, 31, 63, 4, 1, 38, 39, 64, 17, 13, 47, 29, 24, 42, 51, 57, 18, 7, 10, 56, 19, 2, 25, 12, 55, 26, 15, 14, 20, 34, 16, 8, 49, 58, 35]
客户端数：50	时间：0.012965679168701172	客户端：[61, 27, 36, 50, 21, 52, 31, 63, 4, 1, 38, 39, 64, 17, 13, 47, 29, 24, 42, 51, 57, 18, 7, 10, 56, 19, 2, 25, 12, 55, 26, 15, 14, 20, 34, 16, 8, 49, 58, 35, 44, 60, 59, 23, 3, 11, 43, 32, 33, 41]
客户端数：58	时间：0.013963460922241211	客户端：[61, 27, 36, 50, 21, 52, 31, 63, 4, 1, 38, 39, 64, 17, 13, 47, 29, 24, 42, 51, 57, 18, 7, 10, 56, 19, 2, 25, 12, 55, 26, 15, 14, 20, 34, 16, 8, 49, 58, 35, 44, 60, 59, 23, 3, 11, 43, 32, 33, 41, 37, 6, 9, 40, 62, 22, 48, 28]
T2
客户端数：10	时间：0.004993438720703125	客户端：[8, 21, 61, 6, 3, 36, 10, 2, 64, 43]
客户端数：20	时间：0.009502410888671875	客户端：[8, 21, 61, 6, 3, 36, 10, 2, 64, 43, 14, 1, 17, 63, 27, 50, 44, 23, 9, 47]
客户端数：30	时间：0.01149749755859375	客户端：[8, 21, 61, 6, 3, 36, 10, 2, 64, 43, 14, 1, 17, 63, 27, 50, 44, 23, 9, 47, 60, 55, 13, 26, 20, 38, 42, 35, 7, 48]
客户端数：40	时间：0.016627073287963867	客户端：[8, 21, 61, 6, 3, 36, 10, 2, 64, 43, 14, 1, 17, 63, 27, 50, 44, 23, 9, 47, 60, 55, 13, 26, 20, 38, 42, 35, 7, 48, 59, 56, 24, 34, 62, 12, 22, 40, 4, 33]
客户端数：50	时间：0.020620107650756836	客户端：[8, 21, 61, 6, 3, 36, 10, 2, 64, 43, 14, 1, 17, 63, 27, 50, 44, 23, 9, 47, 60, 55, 13, 26, 20, 38, 42, 35, 7, 48, 59, 56, 24, 34, 62, 12, 22, 40, 4, 33, 18, 15, 58, 57, 25, 19, 11, 29, 28, 16]
客户端数：57	时间：0.024618864059448242	客户端：[8, 21, 61, 6, 3, 36, 10, 2, 64, 43, 14, 1, 17, 63, 27, 50, 44, 23, 9, 47, 60, 55, 13, 26, 20, 38, 42, 35, 7, 48, 59, 56, 24, 34, 62, 12, 22, 40, 4, 33, 18, 15, 58, 57, 25, 19, 11, 29, 28, 16, 49, 39, 51, 52, 37, 41, 31]
T3
客户端数：10	时间：13.198009014129639	客户端：[8, 21, 61, 6, 3, 36, 10, 2, 64, 43]
客户端数：20	时间：52.761693477630615	客户端：[8, 21, 61, 6, 3, 36, 10, 2, 64, 43, 14, 1, 17, 63, 27, 50, 44, 23, 9, 47]
客户端数：30	时间：118.62075996398926	客户端：[8, 21, 61, 6, 3, 36, 10, 2, 64, 43, 14, 1, 17, 63, 27, 50, 44, 23, 9, 47, 60, 55, 13, 26, 20, 38, 42, 35, 7, 48]
客户端数：40	时间：210.62827801704407	客户端：[8, 21, 61, 6, 3, 36, 10, 2, 64, 43, 14, 1, 17, 63, 27, 50, 44, 23, 9, 47, 60, 55, 13, 26, 20, 38, 42, 35, 7, 48, 59, 56, 24, 34, 62, 12, 22, 40, 4, 33]
客户端数：50	时间：329.0742485523224	客户端：[8, 21, 61, 6, 3, 36, 10, 2, 64, 43, 14, 1, 17, 63, 27, 50, 44, 23, 9, 47, 60, 55, 13, 26, 20, 38, 42, 35, 7, 48, 59, 56, 24, 34, 62, 12, 22, 40, 4, 33, 18, 15, 58, 57, 25, 19, 11, 29, 28, 16]
客户端数：57	时间：427.94800543785095	客户端：[8, 21, 61, 6, 3, 36, 10, 2, 64, 43, 14, 1, 17, 63, 27, 50, 44, 23, 9, 47, 60, 55, 13, 26, 20, 38, 42, 35, 7, 48, 59, 56, 24, 34, 62, 12, 22, 40, 4, 33, 18, 15, 58, 57, 25, 19, 11, 29, 28, 16, 49, 39, 51, 52, 37, 41, 31]
BYTE
客户端数：10	字节数：3200000	客户端：[61, 27, 36, 50, 21, 52, 31, 63, 4, 1]
客户端数：20	字节数：6400000	客户端：[61, 27, 36, 50, 21, 52, 31, 63, 4, 1, 38, 39, 64, 17, 13, 47, 29, 24, 42, 51]
客户端数：30	字节数：9600000	客户端：[61, 27, 36, 50, 21, 52, 31, 63, 4, 1, 38, 39, 64, 17, 13, 47, 29, 24, 42, 51, 57, 18, 7, 10, 56, 19, 2, 25, 12, 55]
客户端数：40	字节数：12800000	客户端：[61, 27, 36, 50, 21, 52, 31, 63, 4, 1, 38, 39, 64, 17, 13, 47, 29, 24, 42, 51, 57, 18, 7, 10, 56, 19, 2, 25, 12, 55, 26, 15, 14, 20, 34, 16, 8, 49, 58, 35]
客户端数：50	字节数：16000000	客户端：[61, 27, 36, 50, 21, 52, 31, 63, 4, 1, 38, 39, 64, 17, 13, 47, 29, 24, 42, 51, 57, 18, 7, 10, 56, 19, 2, 25, 12, 55, 26, 15, 14, 20, 34, 16, 8, 49, 58, 35, 44, 60, 59, 23, 3, 11, 43, 32, 33, 41]
客户端数：58	字节数：18560000	客户端：[61, 27, 36, 50, 21, 52, 31, 63, 4, 1, 38, 39, 64, 17, 13, 47, 29, 24, 42, 51, 57, 18, 7, 10, 56, 19, 2, 25, 12, 55, 26, 15, 14, 20, 34, 16, 8, 49, 58, 35, 44, 60, 59, 23, 3, 11, 43, 32, 33, 41, 37, 6, 9, 40, 62, 22, 48, 28]
PRO_LEN：320000
score：0.9673015873015873
loss rate：0.03269841269841267
finished iteration：2023-01-01 00:01:34.003955

Number of rounds 5
T1
客户端数：10	时间：0.0019960403442382812	客户端：[3, 8, 61, 64, 9, 50, 63, 21, 38, 6]
客户端数：20	时间：0.005049943923950195	客户端：[3, 8, 61, 64, 9, 50, 63, 21, 38, 6, 1, 44, 2, 23, 43, 55, 48, 20, 26, 59]
客户端数：30	时间：0.007044076919555664	客户端：[3, 8, 61, 64, 9, 50, 63, 21, 38, 6, 1, 44, 2, 23, 43, 55, 48, 20, 26, 59, 35, 62, 56, 24, 34, 12, 7, 14, 13, 17]
客户端数：40	时间：0.009039640426635742	客户端：[3, 8, 61, 64, 9, 50, 63, 21, 38, 6, 1, 44, 2, 23, 43, 55, 48, 20, 26, 59, 35, 62, 56, 24, 34, 12, 7, 14, 13, 17, 40, 4, 22, 47, 33, 18, 15, 58, 25, 19]
客户端数：50	时间：0.01103353500366211	客户端：[3, 8, 61, 64, 9, 50, 63, 21, 38, 6, 1, 44, 2, 23, 43, 55, 48, 20, 26, 59, 35, 62, 56, 24, 34, 12, 7, 14, 13, 17, 40, 4, 22, 47, 33, 18, 15, 58, 25, 19, 57, 28, 42, 16, 49, 60, 39, 10, 51, 27]
客户端数：56	时间：0.01302790641784668	客户端：[3, 8, 61, 64, 9, 50, 63, 21, 38, 6, 1, 44, 2, 23, 43, 55, 48, 20, 26, 59, 35, 62, 56, 24, 34, 12, 7, 14, 13, 17, 40, 4, 22, 47, 33, 18, 15, 58, 25, 19, 57, 28, 42, 16, 49, 60, 39, 10, 51, 27, 11, 36, 52, 37, 41, 31]
T2
客户端数：10	时间：0.001993894577026367	客户端：[21, 1, 3, 31, 36, 2, 24, 51, 43, 27]
客户端数：20	时间：0.0029921531677246094	客户端：[21, 1, 3, 31, 36, 2, 24, 51, 43, 27, 37, 64, 44, 10, 50, 26, 11, 52, 39, 57]
客户端数：30	时间：0.004986763000488281	客户端：[21, 1, 3, 31, 36, 2, 24, 51, 43, 27, 37, 64, 44, 10, 50, 26, 11, 52, 39, 57, 17, 18, 35, 40, 60, 13, 38, 28, 61, 19]
客户端数：40	时间：0.0069811344146728516	客户端：[21, 1, 3, 31, 36, 2, 24, 51, 43, 27, 37, 64, 44, 10, 50, 26, 11, 52, 39, 57, 17, 18, 35, 40, 60, 13, 38, 28, 61, 19, 63, 12, 4, 8, 20, 34, 47, 16, 59, 14]
客户端数：50	时间：0.008983612060546875	客户端：[21, 1, 3, 31, 36, 2, 24, 51, 43, 27, 37, 64, 44, 10, 50, 26, 11, 52, 39, 57, 17, 18, 35, 40, 60, 13, 38, 28, 61, 19, 63, 12, 4, 8, 20, 34, 47, 16, 59, 14, 41, 23, 42, 33, 55, 6, 32, 62, 9, 56]
客户端数：57	时间：0.010941028594970703	客户端：[21, 1, 3, 31, 36, 2, 24, 51, 43, 27, 37, 64, 44, 10, 50, 26, 11, 52, 39, 57, 17, 18, 35, 40, 60, 13, 38, 28, 61, 19, 63, 12, 4, 8, 20, 34, 47, 16, 59, 14, 41, 23, 42, 33, 55, 6, 32, 62, 9, 56, 58, 48, 49, 7, 22, 25, 15]
T3
客户端数：10	时间：1.2651007175445557	客户端：[21, 1, 3, 31, 36, 2, 24, 51, 43, 27]
客户端数：20	时间：2.5491554737091064	客户端：[21, 1, 3, 31, 36, 2, 24, 51, 43, 27, 37, 64, 44, 10, 50, 26, 11, 52, 39, 57]
客户端数：30	时间：3.8531525135040283	客户端：[21, 1, 3, 31, 36, 2, 24, 51, 43, 27, 37, 64, 44, 10, 50, 26, 11, 52, 39, 57, 17, 18, 35, 40, 60, 13, 38, 28, 61, 19]
客户端数：40	时间：5.176097869873047	客户端：[21, 1, 3, 31, 36, 2, 24, 51, 43, 27, 37, 64, 44, 10, 50, 26, 11, 52, 39, 57, 17, 18, 35, 40, 60, 13, 38, 28, 61, 19, 63, 12, 4, 8, 20, 34, 47, 16, 59, 14]
客户端数：50	时间：30.161889791488647	客户端：[21, 1, 3, 31, 36, 2, 24, 51, 43, 27, 37, 64, 44, 10, 50, 26, 11, 52, 39, 57, 17, 18, 35, 40, 60, 13, 38, 28, 61, 19, 63, 12, 4, 8, 20, 34, 47, 16, 59, 14, 41, 23, 42, 33, 55, 6, 32, 62, 9, 56]
客户端数：57	时间：33.739842891693115	客户端：[21, 1, 3, 31, 36, 2, 24, 51, 43, 27, 37, 64, 44, 10, 50, 26, 11, 52, 39, 57, 17, 18, 35, 40, 60, 13, 38, 28, 61, 19, 63, 12, 4, 8, 20, 34, 47, 16, 59, 14, 41, 23, 42, 33, 55, 6, 32, 62, 9, 56, 58, 48, 49, 7, 22, 25, 15]
BYTE
客户端数：10	字节数：3200000	客户端：[3, 8, 61, 64, 9, 50, 63, 21, 38, 6]
客户端数：20	字节数：6400000	客户端：[3, 8, 61, 64, 9, 50, 63, 21, 38, 6, 1, 44, 2, 23, 43, 55, 48, 20, 26, 59]
客户端数：30	字节数：9600000	客户端：[3, 8, 61, 64, 9, 50, 63, 21, 38, 6, 1, 44, 2, 23, 43, 55, 48, 20, 26, 59, 35, 62, 56, 24, 34, 12, 7, 14, 13, 17]
客户端数：40	字节数：12800000	客户端：[3, 8, 61, 64, 9, 50, 63, 21, 38, 6, 1, 44, 2, 23, 43, 55, 48, 20, 26, 59, 35, 62, 56, 24, 34, 12, 7, 14, 13, 17, 40, 4, 22, 47, 33, 18, 15, 58, 25, 19]
客户端数：50	字节数：16000000	客户端：[3, 8, 61, 64, 9, 50, 63, 21, 38, 6, 1, 44, 2, 23, 43, 55, 48, 20, 26, 59, 35, 62, 56, 24, 34, 12, 7, 14, 13, 17, 40, 4, 22, 47, 33, 18, 15, 58, 25, 19, 57, 28, 42, 16, 49, 60, 39, 10, 51, 27]
客户端数：56	字节数：17920000	客户端：[3, 8, 61, 64, 9, 50, 63, 21, 38, 6, 1, 44, 2, 23, 43, 55, 48, 20, 26, 59, 35, 62, 56, 24, 34, 12, 7, 14, 13, 17, 40, 4, 22, 47, 33, 18, 15, 58, 25, 19, 57, 28, 42, 16, 49, 60, 39, 10, 51, 27, 11, 36, 52, 37, 41, 31]
PRO_LEN：320000
score：0.9688888888888889
loss rate：0.03111111111111109
finished iteration：2023-01-01 00:01:53.507085

